134 0.894383 0.128310 0.319610 1.411647 -1
74 0.995582 0.134447 0.255025 1.001230 1
81 0.500124 0.063522 0.359362 0.839778 -1
80 1.063167 0.061648 0.241294 0.937463 1
87 1.099652 0.084643 0.171326 0.541702 1
111 0.747567 0.092863 0.280276 0.950074 -1
70 0.744400 0.112345 0.122851 0.998878 1
138 0.801212 0.051618 0.254123 1.194921 -1
130 0.903641 0.050183 0.265435 1.082538 -1
141 1.220864 0.061712 0.350107 0.830695 -1
117 0.762980 0.101612 0.176675 0.983266 1
112 1.491954 0.133251 0.216167 0.639999 1
94 0.814018 0.128792 0.309404 0.931743 -1
119 0.950114 0.060521 0.158791 1.074762 1
55 1.160246 0.072580 0.193034 0.940551 1
65 1.370889 0.064383 0.191997 1.245921 1
115 0.721024 0.103747 0.318302 1.190725 -1
80 0.919439 0.087228 0.314490 1.139352 -1
73 0.622405 0.129207 0.161411 1.213235 1
112 1.254717 0.108197 0.209845 0.680211 1
62 0.765212 0.102876 0.288675 0.643915 1
132 1.371593 0.092169 0.138311 1.072676 1
68 0.621202 0.111312 0.232655 1.008859 -1
84 1.142542 0.110382 0.236571 1.210996 1
134 1.348817 0.055752 0.234884 1.044007 1
104 0.521744 0.132999 0.158867 0.927831 -1
107 0.902936 0.061302 0.270144 1.480019 -1
84 0.687896 0.116510 0.161234 0.801335 1
103 1.354409 0.062616 0.213197 1.059638 1
54 1.204919 0.070019 0.194126 0.555949 1
142 0.670816 0.051552 0.290727 0.654656 -1
51 0.944552 0.148098 0.152391 0.846383 1
74 0.596280 0.139161 0.356419 1.048833 -1
127 1.003986 0.076299 0.174498 1.235335 1
86 1.397753 0.077987 0.203693 1.286350 1
91 1.218503 0.058386 0.300794 0.726598 1
128 1.355278 0.103027 0.297420 1.036663 1
103 0.858450 0.130482 0.196368 0.677561 1
107 0.833114 0.108207 0.221491 0.583892 1
66 1.101218 0.129930 0.255606 0.542843 1
121 1.191717 0.066988 0.197157 1.163688 1
107 0.818660 0.084745 0.301442 0.784844 -1
100 1.052793 0.141671 0.157215 0.744255 1
93 0.673947 0.120709 0.175552 0.553811 1
63 0.504101 0.068823 0.207286 1.259493 -1
126 1.147143 0.112000 0.145228 0.836119 1
124 0.839647 0.084398 0.255147 1.123332 -1
122 1.045658 0.090871 0.250900 0.994971 -1
69 1.419083 0.060505 0.239416 1.029922 1
68 1.153513 0.130160 0.164101 0.733545 1
98 1.278710 0.102078 0.226927 1.186531 1
131 0.978627 0.108775 0.137445 1.266611 1
108 1.453590 0.089899 0.243013 0.582631 1
121 1.319947 0.097774 0.169816 0.509761 1
83 0.568154 0.126214 0.269630 1.425499 -1
81 0.807143 0.113641 0.227276 0.961454 1
124 1.191157 0.139585 0.282770 1.046365 -1
62 1.076670 0.073829 0.195053 1.014489 1
139 0.781097 0.117280 0.183450 0.588536 1
78 0.765491 0.051106 0.241310 0.914685 -1
91 1.284214 0.089662 0.160160 0.584035 1
65 1.279091 0.119412 0.287270 0.759684 1
93 0.772095 0.085669 0.295465 0.889029 -1
118 1.365622 0.077264 0.318011 1.299872 1
60 0.755913 0.088165 0.320753 1.499619 -1
95 1.099750 0.126091 0.136196 0.848624 1
84 1.472975 0.051638 0.367456 0.673785 1
130 0.505759 0.100995 0.199827 0.842128 -1
121 0.552306 0.095368 0.206553 0.710000 -1
58 0.689615 0.062889 0.321573 0.979261 -1
122 0.718795 0.110030 0.214176 1.464171 -1
145 1.455646 0.105603 0.341334 1.059782 -1
116 1.181888 0.093718 0.251566 0.528935 1
86 0.986072 0.083441 0.346850 1.121798 -1
74 0.602659 0.097925 0.222985 1.422851 -1
133 1.014212 0.143154 0.140437 0.810802 1
136 0.666662 0.093410 0.286514 1.090601 -1
143 0.563537 0.060179 0.169807 0.979595 -1
61 0.897268 0.062399 0.232283 1.382869 1
70 1.001033 0.149569 0.134399 0.638732 1
62 1.002312 0.050200 0.213532 0.724464 1
131 0.954113 0.143269 0.271823 0.885706 -1
138 0.832133 0.061345 0.184013 0.805527 1
71 0.846155 0.136319 0.297872 0.901475 -1
121 1.189195 0.127576 0.159157 0.637715 1
121 0.943906 0.134240 0.365333 1.150742 -1
60 0.672480 0.061283 0.264436 1.134940 -1
130 0.973126 0.052376 0.354524 0.852661 -1
142 1.227233 0.134043 0.324498 0.867750 -1
63 1.469691 0.117000 0.340348 0.743772 1
71 1.276823 0.096107 0.253077 0.683273 1
132 1.425306 0.110555 0.331895 1.147677 -1
115 0.569553 0.119164 0.280941 1.118429 -1
136 0.790274 0.057218 0.225738 0.574318 1
134 1.060817 0.146161 0.304959 1.476460 -1
88 0.633686 0.123838 0.259977 0.829677 -1
137 1.373222 0.120736 0.160408 0.557481 1
111 1.392866 0.055857 0.26